"Bafing"	"Bateke"	"Bili-Uele"	"Boe"	"Budongo"	"Bwindi"	"Comoe"	"Conkouati"	"Dindefelo"	"Djouroutou"	"East Nimba"	"Gashaka"	"Gishwati"	"Goualougo"	"Grebo"	"Issa-Ugalla"	"Kabogo"	"Kayan"	"Korup"	"La Belgique"	"Loango"	"Lope"	"Mbe"	"Mt. Cameroon"	"Mt. Cristal"	"Mt. Sangbe"	"Ngogo"	"Nyungwe"	"Outamba-Kilimi"	"Rubi-Tele"	"Sangaredi"	"Sapo"	"Sobeya"	"Bakoun-Sobory"	"Tai"
"Bafing"	0	87	80.02631579	117	79.33333333	76	93.25	96.5	116.5	81.5	91.5	100	80	77	78	101.5	107	120.5	87.5	87	94	93	93.5	84	90	91.5	80	82.5	101.5	78	116	80	109.5	114.5	85.9
"Bateke"	87	0	50.02631579	87	49.33333333	46	63.25	66.5	86.5	51.5	61.5	70	50	47	48	71.5	77	90.5	57.5	57	64	63	63.5	54	60	61.5	50	52.5	71.5	48	86	50	79.5	84.5	55.9
"Bili-Uele"	80.02631579	50.02631579	0	80.02631579	42.35964912	39.02631579	56.27631579	59.52631579	79.52631579	44.52631579	54.52631579	63.02631579	43.02631579	40.02631579	41.02631579	64.52631579	70.02631579	83.52631579	50.52631579	50.02631579	57.02631579	56.02631579	56.52631579	47.02631579	53.02631579	54.52631579	43.02631579	45.52631579	64.52631579	41.02631579	79.02631579	43.02631579	72.52631579	77.52631579	48.92631579
"Boe"	117	87	80.02631579	0	79.33333333	76	93.25	96.5	116.5	81.5	91.5	100	80	77	78	101.5	107	120.5	87.5	87	94	93	93.5	84	90	91.5	80	82.5	101.5	78	116	80	109.5	114.5	85.9
"Budongo"	79.33333333	49.33333333	42.35964912	79.33333333	0	38.33333333	55.58333333	58.83333333	78.83333333	43.83333333	53.83333333	62.33333333	42.33333333	39.33333333	40.33333333	63.83333333	69.33333333	82.83333333	49.83333333	49.33333333	56.33333333	55.33333333	55.83333333	46.33333333	52.33333333	53.83333333	42.33333333	44.83333333	63.83333333	40.33333333	78.33333333	42.33333333	71.83333333	76.83333333	48.23333333
"Bwindi"	76	46	39.02631579	76	38.33333333	0	52.25	55.5	75.5	40.5	50.5	59	39	36	37	60.5	66	79.5	46.5	46	53	52	52.5	43	49	50.5	39	41.5	60.5	37	75	39	68.5	73.5	44.9
"Comoe"	93.25	63.25	56.27631579	93.25	55.58333333	52.25	0	72.75	92.75	57.75	67.75	76.25	56.25	53.25	54.25	77.75	83.25	96.75	63.75	63.25	70.25	69.25	69.75	60.25	66.25	67.75	56.25	58.75	77.75	54.25	92.25	56.25	85.75	90.75	62.15
"Conkouati"	96.5	66.5	59.52631579	96.5	58.83333333	55.5	72.75	0	96	61	71	79.5	59.5	56.5	57.5	81	86.5	100	67	66.5	73.5	72.5	73	63.5	69.5	71	59.5	62	81	57.5	95.5	59.5	89	94	65.4
"Dindefelo"	116.5	86.5	79.52631579	116.5	78.83333333	75.5	92.75	96	0	81	91	99.5	79.5	76.5	77.5	101	106.5	120	87	86.5	93.5	92.5	93	83.5	89.5	91	79.5	82	101	77.5	115.5	79.5	109	114	85.4
"Djouroutou"	81.5	51.5	44.52631579	81.5	43.83333333	40.5	57.75	61	81	0	56	64.5	44.5	41.5	42.5	66	71.5	85	52	51.5	58.5	57.5	58	48.5	54.5	56	44.5	47	66	42.5	80.5	44.5	74	79	50.4
"East Nimba"	91.5	61.5	54.52631579	91.5	53.83333333	50.5	67.75	71	91	56	0	74.5	54.5	51.5	52.5	76	81.5	95	62	61.5	68.5	67.5	68	58.5	64.5	66	54.5	57	76	52.5	90.5	54.5	84	89	60.4
"Gashaka"	100	70	63.02631579	100	62.33333333	59	76.25	79.5	99.5	64.5	74.5	0	63	60	61	84.5	90	103.5	70.5	70	77	76	76.5	67	73	74.5	63	65.5	84.5	61	99	63	92.5	97.5	68.9
"Gishwati"	80	50	43.02631579	80	42.33333333	39	56.25	59.5	79.5	44.5	54.5	63	0	40	41	64.5	70	83.5	50.5	50	57	56	56.5	47	53	54.5	43	45.5	64.5	41	79	43	72.5	77.5	48.9
"Goualougo"	77	47	40.02631579	77	39.33333333	36	53.25	56.5	76.5	41.5	51.5	60	40	0	38	61.5	67	80.5	47.5	47	54	53	53.5	44	50	51.5	40	42.5	61.5	38	76	40	69.5	74.5	45.9
"Grebo"	78	48	41.02631579	78	40.33333333	37	54.25	57.5	77.5	42.5	52.5	61	41	38	0	62.5	68	81.5	48.5	48	55	54	54.5	45	51	52.5	41	43.5	62.5	39	77	41	70.5	75.5	46.9
"Issa-Ugalla"	101.5	71.5	64.52631579	101.5	63.83333333	60.5	77.75	81	101	66	76	84.5	64.5	61.5	62.5	0	91.5	105	72	71.5	78.5	77.5	78	68.5	74.5	76	64.5	67	86	62.5	100.5	64.5	94	99	70.4
"Kabogo"	107	77	70.02631579	107	69.33333333	66	83.25	86.5	106.5	71.5	81.5	90	70	67	68	91.5	0	110.5	77.5	77	84	83	83.5	74	80	81.5	70	72.5	91.5	68	106	70	99.5	104.5	75.9
"Kayan"	120.5	90.5	83.52631579	120.5	82.83333333	79.5	96.75	100	120	85	95	103.5	83.5	80.5	81.5	105	110.5	0	91	90.5	97.5	96.5	97	87.5	93.5	95	83.5	86	105	81.5	119.5	83.5	113	118	89.4
"Korup"	87.5	57.5	50.52631579	87.5	49.83333333	46.5	63.75	67	87	52	62	70.5	50.5	47.5	48.5	72	77.5	91	0	57.5	64.5	63.5	64	54.5	60.5	62	50.5	53	72	48.5	86.5	50.5	80	85	56.4
"La Belgique"	87	57	50.02631579	87	49.33333333	46	63.25	66.5	86.5	51.5	61.5	70	50	47	48	71.5	77	90.5	57.5	0	64	63	63.5	54	60	61.5	50	52.5	71.5	48	86	50	79.5	84.5	55.9
"Loango"	94	64	57.02631579	94	56.33333333	53	70.25	73.5	93.5	58.5	68.5	77	57	54	55	78.5	84	97.5	64.5	64	0	70	70.5	61	67	68.5	57	59.5	78.5	55	93	57	86.5	91.5	62.9
"Lope"	93	63	56.02631579	93	55.33333333	52	69.25	72.5	92.5	57.5	67.5	76	56	53	54	77.5	83	96.5	63.5	63	70	0	69.5	60	66	67.5	56	58.5	77.5	54	92	56	85.5	90.5	61.9
"Mbe"	93.5	63.5	56.52631579	93.5	55.83333333	52.5	69.75	73	93	58	68	76.5	56.5	53.5	54.5	78	83.5	97	64	63.5	70.5	69.5	0	60.5	66.5	68	56.5	59	78	54.5	92.5	56.5	86	91	62.4
"Mt. Cameroon"	84	54	47.02631579	84	46.33333333	43	60.25	63.5	83.5	48.5	58.5	67	47	44	45	68.5	74	87.5	54.5	54	61	60	60.5	0	57	58.5	47	49.5	68.5	45	83	47	76.5	81.5	52.9
"Mt. Cristal"	90	60	53.02631579	90	52.33333333	49	66.25	69.5	89.5	54.5	64.5	73	53	50	51	74.5	80	93.5	60.5	60	67	66	66.5	57	0	64.5	53	55.5	74.5	51	89	53	82.5	87.5	58.9
"Mt. Sangbe"	91.5	61.5	54.52631579	91.5	53.83333333	50.5	67.75	71	91	56	66	74.5	54.5	51.5	52.5	76	81.5	95	62	61.5	68.5	67.5	68	58.5	64.5	0	54.5	57	76	52.5	90.5	54.5	84	89	60.4
"Ngogo"	80	50	43.02631579	80	42.33333333	39	56.25	59.5	79.5	44.5	54.5	63	43	40	41	64.5	70	83.5	50.5	50	57	56	56.5	47	53	54.5	0	45.5	64.5	41	79	43	72.5	77.5	48.9
"Nyungwe"	82.5	52.5	45.52631579	82.5	44.83333333	41.5	58.75	62	82	47	57	65.5	45.5	42.5	43.5	67	72.5	86	53	52.5	59.5	58.5	59	49.5	55.5	57	45.5	0	67	43.5	81.5	45.5	75	80	51.4
"Outamba-Kilimi"	101.5	71.5	64.52631579	101.5	63.83333333	60.5	77.75	81	101	66	76	84.5	64.5	61.5	62.5	86	91.5	105	72	71.5	78.5	77.5	78	68.5	74.5	76	64.5	67	0	62.5	100.5	64.5	94	99	70.4
"Rubi-Tele"	78	48	41.02631579	78	40.33333333	37	54.25	57.5	77.5	42.5	52.5	61	41	38	39	62.5	68	81.5	48.5	48	55	54	54.5	45	51	52.5	41	43.5	62.5	0	77	41	70.5	75.5	46.9
"Sangaredi"	116	86	79.02631579	116	78.33333333	75	92.25	95.5	115.5	80.5	90.5	99	79	76	77	100.5	106	119.5	86.5	86	93	92	92.5	83	89	90.5	79	81.5	100.5	77	0	79	108.5	113.5	84.9
"Sapo"	80	50	43.02631579	80	42.33333333	39	56.25	59.5	79.5	44.5	54.5	63	43	40	41	64.5	70	83.5	50.5	50	57	56	56.5	47	53	54.5	43	45.5	64.5	41	79	0	72.5	77.5	48.9
"Sobeya"	109.5	79.5	72.52631579	109.5	71.83333333	68.5	85.75	89	109	74	84	92.5	72.5	69.5	70.5	94	99.5	113	80	79.5	86.5	85.5	86	76.5	82.5	84	72.5	75	94	70.5	108.5	72.5	0	107	78.4
"Bakoun-Sobory"	114.5	84.5	77.52631579	114.5	76.83333333	73.5	90.75	94	114	79	89	97.5	77.5	74.5	75.5	99	104.5	118	85	84.5	91.5	90.5	91	81.5	87.5	89	77.5	80	99	75.5	113.5	77.5	107	0	83.4
"Tai"	85.9	55.9	48.92631579	85.9	48.23333333	44.9	62.15	65.4	85.4	50.4	60.4	68.9	48.9	45.9	46.9	70.4	75.9	89.4	56.4	55.9	62.9	61.9	62.4	52.9	58.9	60.4	48.9	51.4	70.4	46.9	84.9	48.9	78.4	83.4	0
